3432
8115
2544
7130
8257
2342
4481
5766
8805
3140
6504
5414
8396
5427
3930
2780
1458
8696
5212
3298
6742
4732
3151
3403
3465
2483
9522
2918
1623
9458
8790
9809
6579
6210
2597
8524
8819
3474
7090
6879
6597
4172
5854
3069
9169
7707
2273
9450
3242
2916
6594
8430
684
7385
8700
4822
8781
1675
7468
7555
8758
545
2165
5235
5139
7809
778
7486
2808
7434
8072
6194
8306
7095
588
9407
8223
4475
50
6187
2347
9613
5960
7838
6320
4953
1359
5297
122
5918
763
5082
8467
803
8418
9305
6068
2599
5380
8208
2308
2522
1684
1299
6636
1219
6071
3295
7422
7467
8880
353
6165
5322
8302
8976
4512
7818
9532
194
7120
6013
4095
3851
292
7069
7577
7421
5045
4878
2277
5745
968
8957
2684
6056
3023
9378
3612
2040
3298
4260
5374
3109
9290
1075
1884
741
9901
9579
296
9737
6223
4878
6830
664
1691
2971
485
6777
5662
7810
66
8598
7921
1767
2470
114
3839
3854
4470
2070
3657
5598
9369
5551
8616
7614
9441
2494
3542
4323
6322
507
520
4559
6629
8052
952
2975
8506
1261
7010
4479
4616
8571
7434
7431
1600
6152
4100
4548
6700
8526
6197
1367
7013
1061
4619
8761
3600
6402
3738
5643
6194
4367
1832
1349
8627
9824
2332
1699
7219
5470
6921
3161
9213
7373
7630
5450
5242
712
3390
5439
9117
2849
5936
7748
6503
9605
449
635
3963
5095
3056
9876
7624
9272
6155
8314
3023
9618
7162
5040
1832
644
3641
9667
9408
6577
1216
9904
4069
9405
8382
5650
4181
9567
2713
1532
6582
5609
9271
8946
6912
3139
274
3954
6166
9353
1818
4107
4528
5268
7300
6794
1551
1368
3707
5836
9490
3112
6910
2760
6717
6589
8686
6111
9642
2894
6614
1354
2825
2741
8847
5392
5163
9506
5510
9836
574
5564
385
5780
1528
853
6255
5381
6572
4581
2891
574
6077
4976
6968
8117
4855
683
7780
6892
4553
9394
9048
8340
6157
3385
189
417
8346
3338
699
5419
9798
9706
9411
8516
292
7741
4499
8022
2716
6701
8809
1620
424
9542
1623
9713
1384
5929
2087
9572
7328
4502
643
2945
9824
6574
5545
7332
2359
2008
804
825
1720
8438
248
5100
5713
5575
9513
5155
9300
2718
148
8552
5083
128
1076
8050
1215
1411
777
5524
7494
4039
3487
847
4510
6104
9633
674
332
8354
744
4964
9070
6202
8390
2889
6746
9289
4805
4359
7347
4240
7967
6170
9384
6969
1266
1137
3556
4515
7423
8718
6047
4611
2189
6633
8056
7951
6115
6664
2790
8788
2760
3139
7605
8573
4213
9083
9165
5560
7055
7677
3276
2226
1443
7274
1399
6636
8944
4310
5237
3890
4934
361
7545
2449
6515
3277
4510
2058
2712
9515
618
1811
2632
6058
995
4395
537
73
9033
9545
7059
2242
6956
8558
483
7668
3743
839
6143
7420
9598
3875
9475
7195
6583
3234
94
9194
3188
8801
9764
4028
610
1672
3921
5345
5601
2334
4148
1403
3298
9755
1138
5897
8522
2189
8161
7275
9054
97
386
8571
2694
4136
4853
9226
6998
7388
5812
1618
3602
7984
1025
6251
7030
636
9061
7481
3393
3601
5398
8948
7261
7783
4024
581
327
2962
2795
4114
5160
7734
6985
8905
5452
623
1464
5849
8577
5787
4879
4556
3962
802
189
3166
7021
6481
2610
1113
7444
7579
7563
172
8218
3410
6346
7802
7512
1988
8814
1897
6815
5150
6609
7780
1938
5318
6340
4154
4179
7714
9127
4699
2488
523
2662
3081
2750
823
6174
8083
1554
1497
223
7789
5595
2390
5129
1886
5441
390
346
5084
3226
3714
2259
4087
6638
7116
4642
2338
1933
2101
6260
3430
1827
3281
8707
328
5425
7933
5025
5046
1432
2211
5136
9832
4726
7400
8824
6735
2128
237
1698
4336
8975
646
4267
7237
48
6095
6570
8844
5631
1059
6928
1187
2161
9268
8802
1040
4787
9101
981
102
8077
9576
7871
661
6237
9201
8730
1016
7054
977
3291
3177
2022
4385
632
7970
6765
8436
6377
9009
4385
7097
8336
7177
856
9202
3990
166
7639
7235
7439
8470
3571
970
1743
9961
2998
3090
2180
4275
511
3904
7170
3888
5749
6774
3604
7231
7987
5461
5330
6426
1168
9261
3165
9294
5139
2166
4563
2530
2407
419
5268
1883
6775
4526
1209
3082
4131
6657
9847
7548
8302
4231
4746
5119
2758
3804
4820
2241
4671
6749
7259
4748
7180
3833
7442
1722
8721
3261
1224
379
6615
3834
6633
4554
1019
8689
180
7282
1940
3920
2304
4991
8505
5639
7338
7217
6320
266
8795
4171
7991
4734
6540
2491
3884
8809
3840
9617
6171
9478
6887
7136
374
4074
8654
3903
1975
2894
6819
1715
6010
747
3226
7726
3342
4614
1771
879
5174
8352
5964
1566
8245
148
6816
8439
3820
3701
6037
9902
7903
4611
4317
4958
5610
5117
4844
8419
7038
5405
3291
2983
9362
4360
2576
4515
5079
5160
4254
5023
7273
209
6504
784
9924
9964
3945
7634
8199
4071
1260
9839
7388
5397
8561
2151
286
2303
217
9406
103
3859
7734
8318
2493
188
4804
4860
4437
3859
5806
505
4284
6012
9672
8843
920
1290
5187
4071
5113
8682
7270
8049
7943
8064
3565
6064
5472
3706
3852
4528
5396
8654
7851
7690
8713
8809
8950
7068
725
1015
1537
482
6255
5742
6105
4772
6622
2421
3759
8147
4494
4819
8005
2884
7448
3565
2528
2520
404
3056
351
5467
2307
1418
6818
3753
2137
3939
3812
4342
9237
641
1872
5322
320
8802
6201
883
8827
2957
3482
254
3653
3340
2673
7636
4790
2371
2385
7490
4930
6770
5035
1158
6722
5108
7799
3490
4594
9373
9429
4229
1184
4825
61
3425
6612
8882
5566
8197
5002
2305
5570
6223
852
5553
5565
6376
2342
8543
1977
1314
7555
7203
8342
9926
9461
8103
6788
1807
1069
8716
3494
5041
1433
1576
6084
4263
6908
5023
4405
3967
3769
7868
7748
2025
6406
2316
2668
9360
2169
229
7257
3424
5368
2792
430
817
2622
2154
9903
3003
1083
7335
971
4300
6943
8508
6483
5749
426
347
2389
4368
3835
4336
2496
5424
1204
7250
529
131
5682
68
2704
9347
6836
6514
6513
297
7477
8645
8706
4095
8049
9854
4537
3624
4252
315
4087
4043
3676
1985
9044
9189
6213
246
8115
1112
1760
4026
3539
6615
9767
9492
2482
7821
6202
8965
9776
348
2266
2184
5406
6652
5756
4077
1382
7123
2200
7109
7424
4709
9600
726
3969
9146
705
5027
1543
6719
1674
1872
9490
5350
9540
7407
5133
9634
7750
9463
7209
3831
9407
9313
7327
2728
8909
1108
8386
8283
9078
6442
7380
3047
342
9864
8212
2379
1817
1751
5081
9193
4721
937
3641
2178
705
5571
5900
1576
4933
6791
4505
9513
666
5098
8307
2012
6894
6806
9759
9157
5228
3629
8007
7704
7501
4666
7295
623
9498
9348
1365
9526
2755
521
7102
3683
9872
9276
956
1582
5993
9228
9268
531
2740
9895
3712
2690
6455
3156
4468
7814
3674
1084
5386
8013
4915
6568
8259
3356
6425
3444
912
5258
2155
1173
4757
4231
9551
4758
6616
8022
6074
7797
1001
6476
8918
665
9897
2089
1168
7789
566
9980
323
5002
1607
1253
6963
2177
7658
5971
3610
4362
6168
2437
1860
2132
448
5830
2223
1156
7138
8636
1598
5766
8857
9727
7201
6286
7340
5546
5469
7214
8247
780
7371
408
3575
6720
9895
2333
1517
8625
2194
3963
6731
6671
1570
8044
7291
3237
9180
7616
936
817
639
9726
9907
8319
2977
7283
4224
3868
6711
7917
3314
6139
2544
1465
5651
3072
2334
3315
8927
8568
2922
9021
3361
2979
3507
4608
1741
467
9827
3990
4838
865
1849
8139
3254
1348
3796
7168
4184
1419
8192
4434
2496
3589
8899
7678
7874
6260
9771
748
8560
2176
2075
3720
8611
4094
9766
5746
2419
9800
3817
145
8308
5462
3790
7076
9134
3999
2289
487
4713
1101
9641
1701
7312
724
1026
2635
4388
4502
9545
6451
4477
2351
3891
4185
4827
9511
4513
5395
9882
9125
1383
6712
1636
2149
2844
7988
3280
2632
2188
9003
1728
2164
5007
2710
3120
6233
6586
3633
2952
7271
7273
6754
7781
183
7333
1539
456
8215
7908
4832
6142
121
5521
6359
9260
5446
7950
8480
482
2512
7692
9629
2828
5368
7667
8336
7317
1451
3159
9389
8548
143
7018
785
823
7471
7325
2625
363
763
396
4801
4305
1811
5907
3132
3191
5825
8199
4991
9522
9120
4600
206
7872
2586
7894
6541
2468
7210
9868
1505
19
842
5226
1999
3241
3855
5144
9542
2985
4573
2442
8613
3787
5479
9851
6395
7353
32
2008
4354
2461
4417
8651
534
1955
187
868
1110
1644
7937
2205
3645
7812
7552
5635
4808
6940
8802
5784
3501
6817
3510
5614
111
5995
3542
1247
2584
1033
5560
94
9979
3066
8811
4807
8761
5355
3105
1145
574
261
5031
2232
9829
2957
4525
4211
7475
8173
582
9676
9
5703
5021
1713
4067
2991
2296
6340
8708
743
5437
5240
950
1968
9434
8786
3876
629
9355
9902
204
6531
5814
478
9626
3832
7956
5389
8662
1368
2669
3365
1703
2690
2469
6346
1550
1536
9659
474
2935
8528
8283
7755
5018
8398
1225
2756
4120
267
7453
4308
6363
3922
3537
7381
7495
7478
4764
2476
2837
4843
3232
2037
7295
9200
8093
9012
1751
3570
941
4990
3670
7966
1768
5718
5385
3660
9560
2990
9147
6851
1112
4888
1935
3323
4890
8157
3932
3489
8635
5111
6160
9683
3283
2405
6035
5533
5470
5466
1988
7870
1396
2082
2790
4820
456
6529
4212
9959
2711
520
4410
5669
1064
5118
1575
8714
4311
6825
5122
74
5043
3424
8010
7433
7224
8108
6409
8777
8798
5436
8284
1739
8606
8652
4674
2354
1675
8663
7563
619
8663
5315
967
9690
6041
3746
8091
3941
5877
6574
5099
4732
9639
3019
3747
268
4944
9504
5024
2217
6767
7275
6496
8364
2654
2357
5726
8036
3775
3145
7640
8887
4064
6666
4181
8530
6263
9144
4044
1287
9181
3898
9190
7466
7214
9484
2812
6163
8618
4753
6276
1619
5966
6226
6388
3247
8895
6528
1389
9589
1348
7168
3623
6529
9025
2808
7545
3061
1535
3703
2411
8505
1757
1807
6849
1312
3161
8388
7683
4757
7211
7666
2651
619
3202
4168
2733
8146
8731
4590
3458
8155
8104
9179
5167
3189
9789
8161
9240
8751
8099
7552
8369
6909
1565
1729
7709
9676
3625
7889
8547
4577
797
9014
2181
9137
2106
1697
8424
4934
4930
8259
331
3966
959
5035
3616
7003
1867
2442
3399
573
5400
8340
4183
4129
3557
6679
8885
2495
8281
5920
9947
2683
813
844
164
9204
832
5324
5385
7908
8324
1766
4169
4503
8137
2035
7982
8983
6693
4329
1563
2280
5518
6147
6682
2217
5473
7572
9834
3039
5186
2102
3330
2963
9146
378
2392
2541
7545
8427
4201
2516
9138
9091
5961
488
5825
8057
842
5192
9277
2254
1785
4332
487
8947
3444
3523
9327
2094
9283
6844
5503
8578
4961
5246
8450
1653
390
5930
6717
776
9884
2174
2058
2465
1593
5811
5094
8152
7357
6434
168
2687
423
4543
144
5768
9485
9742
233
128
5186
4654
6239
6317
4609
2356
2254
3266
9172
6371
8362
3639
5403
3776
9158
5543
2883
4109
8042
2965
5073
1797
2191
6961
6398
6835
6076
2905
1325
2662
6029
8402
8629
7087
9735
1726
8715
5320
9385
6651
3097
6130
4958
3414
8065
2093
5166
9355
3615
6374
2578
6303
7888
6051
3941
8600
8898
4670
9670
8457
4551
7694
3903
7731
1762
6947
2499
9821
7071
4550
3043
3094
353
2419
8390
7637
9699
686
3971
7566
9842
9973
5776
7480
3898
9010
6774
329
2646
1390
950
9369
8461
2286
6968
4057
4061
3927
2079
7740
6746
9391
4472
7833
875
3775
2512
203
6587
9827
7809
8935
6253
6015
4199
8522
2246
8355
6062
7172
9916
3400
9230
9699
9173
1656
5714
5787
640
4632
7373
437
8309
9750
7260
6610
1020
5593
8612
4198
2017
3757
6999
7283
9998
8367
4356
205
7735
3113
839
7305
7225
9121
5695
1710
2572
5492
5317
5198
9288
1305
6407
5292
2644
300
1635
3785
2005
5630
8305
4472
8157
6126
6125
9066
1979
5280
9248
9495
3592
9485
8237
528
3701
5222
7355
8236
8900
9498
6846
8899
5262
7032
5106
5142
4935
1848
6256
7942
3979
8504
5959
2828
3876
6879
1032
2210
2039
4829
8067
1390
4296
2611
1543
9139
5610
5759
9200
3809
6252
4848
5604
1221
2526
5205
8493
8905
6245
5077
3593
9055
4581
7815
9133
261
7338
3884
3401
4756
8544
3902
4113
2021
9402
309
3075
4403
8642
6798
419
9637
1327
6470
1140
9556
5750
4560
1735
4034
2829
2044
7739
3795
5623
3338
5125
354
4615
3515
4333
9772
4324
5351
1614
3605
152
1308
1544
8393
8024
4940
5038
295
1906
7791
556
2130
278
2906
3126
3486
5995
7803
70
8354
3872
4565
3558
1570
943
9538
9776
4938
3418
6997
2639
6582
9381
1941
8637
7460
1626
9917
2866
5929
9140
8889
1808
7762
5782
8969
3180
4787
1062
7106
9329
5436
7536
656
5631
2302
6075
9662
9054
934
4540
5454
2826
2857
7214
3077
9359
1932
4599
3109
3868
4141
9394
6165
2831
1841
5459
8016
7201
7618
5256
1596
3889
5733
6835
611
622
5716
1637
4770
2086
2521
9122
265
391
3456
3614
5870
5423
7977
8683
2288
5516
2617
6006
5514
7750
5721
7996
4850
5958
3769
4982
600
4285
578
5454
1697
3531
2929
8230
78
2602
7267
8129
6113
8096
8834
9032
3188
41
5570
3486
722
6446
8918
6205
5966
7774
559
2968
2475
9043
7309
2455
7537
5735
954
519
9116
1685
6214
4608
5172
7168
7275
8286
837
9425
1157
9606
8324
6903
826
5906
7610
7827
19
386
4053
6676
849
9378
9076
8181
428
7693
1868
8498
8710
8854
7829
6159
6639
3352
808
4309
766
8702
8390
4377
5071
341
2360
3132
9595
2436
8837
8797
8004
727
7766
4807
3716
474
6278
1291
3401
5787
7446
9993
2385
8622
3997
3410
8538
4021
5864
9636
9292
8287
2908
7296
6782
1218
3110
625
4230
3395
5177
1298
2719
4120
5677
2931
7249
6029
3998
3201
7935
2099
2661
2037
302
1906
210
1495
2486
5209
9070
1993
9523
5597
758
4859
6689
5503
6642
6769
4822
3344
2437
5993
5652
3084
510
2344
9563
3027
4207
6466
524
1676
3247
1569
5289
3604
1298
5884
5473
9891
8721
8016
508
4638
9959
1097
5079
5500
102
1157
8389
8881
4350
9959
796
9400
9800
956
4876
8441
1976
346
1340
6230
3487
1876
7318
4576
5753
4186
4920
8937
4261
3736
8353
6975
9423
9757
6729
9937
5329
8564
1713
1900
8165
5292
8547
5081
4908
6685
4970
7257
158
3729
4296
3618
3922
8654
8358
3336
7188
7283
4181
667
7697
9149
7803
9729
1043
9051
2375
5362
6012
6047
1121
3244
837
3027
7642
2309
812
5941
2355
2682
7366
9357
266
1623
2659
2758
2335
9558
3858
4480
4501
7872
3599
7438
8784
7261
2988
7181
7450
2691
8471
2420
9580
9879
6025
783
345
6530
8392
1421
7199
3144
8990
2944
4240
2246
819
122
8589
5611
1236
7630
5636
6837
3400
6914
3171
7978
2431
5733
3359
8075
5515
1990
6112
6539
4091
193
3049
6874
5664
2075
7515
7085
9796
8040
4656
9568
1766
5487
6320
3286
9291
2189
8779
6167
5060
6285
6452
8789
384
5651
753
889
5467
4530
3840
6408
7943
804
8237
3735
2553
491
7028
2696
331
585
491
4719
7070
9752
2431
1984
8627
2546
7434
1161
1879
4503
3718
6934
217
719
9936
4738
9443
4664
2496
3086
7580
656
159
2281
7905
1519
3881
9462
6580
2514
3395
1378
7785
4918
6120
2220
4606
4510
4307
9719
4056
679
3800
2038
3163
4308
215
5395
3873
8938
7792
7259
7385
8179
4956
6172
8127
641
2718
4636
4698
6530
1166
9970
6930
6794
7678
5717
699
1725
1334
3341
9118
524
3595
2825
811
6766
2373
3413
2577
882
1794
9915
1318
4835
8607
8863
4383
5387
1275
7669
112
9676
4950
4743
2546
4759
6196
1464
1947
7771
7765
9199
5886
8230
3694
766
4601
2810
3328
7812
8266
9712
2617
9780
5144
8471
1976
5033
4209
844
9593
1042
7143
9871
6761
503
5823
2841
4213
6828
1955
5437
6169
4006
3564
6666
4056
1822
7508
1941
5792
9596
3845
1366
8059
2909
5431
5235
9528
2670
545
768
1339
914
6136
5481
7286
1877
4301
8648
2833
8584
3248
9634
1069
471
9167
652
8029
3883
6219
4321
3111
8109
9897
1052
5763
4612
3977
4895
4230
3125
469
372
2946
388
311
7970
8675
9183
9153
7560
5648
9051
8080
8134
101
9876
3336
3033
3298
8734
5881
8108
7017
7239
3194
3285
7471
935
7242
9520
603
6880
8070
253
1377
4663
7003
2123
6272
281
5277
7830
8751
3310
580
2430
5467
5297
8031
3443
7967
2248
9040
8609
954
3942
1352
5849
7564
9988
1607
2178
9042
2746
9713
1145
6776
8583
1135
4293
4790
4597
359
338
9277
5838
5225
2652
607
3325
1720
4301
9299
4357
7980
8735
1560
4110
3161
6986
4759
1050
9881
9339
2951
3429
5814
6177
9580
7040
4665
4318
8362
1712
597
9824
2341
1309
1881
6111
2766
7795
5866
4414
3781
1352
7549
8383
5983
8583
1320
1212
8780
5052
8328
5757
5040
2452
9742
9222
2700
5862
6770
1011
2695
9756
2581
8746
8180
5598
9156
8457
8146
1029
202
3686
484
2486
1124
6580
9512
4071
8626
9017
6024
9525
5049
7495
7337
7393
7754
9973
5816
6534
7136
9357
9347
2407
5499
5434
9925
7839
450
7029
975
8836
6795
9242
6053
5165
5129
5533
3353
835
1673
3375
1742
631
5126
1736
2599
1841
629
4993
3675
9612
5326
3233
3497
27
5851
890
1539
2731
5101
3118
5313
192
7717
5871
2435
432
8238
9357
6150
9236
7073
5051
9299
8951
4316
6360
9010
7288
9629
8848
5547
9371
7958
297
6364
423
3622
6806
2690
9182
6399
4849
1355
1206
8016
4834
4513
6147
8701
2141
480
4568
4365
4363
7650
1518
7855
5378
2421
8816
5601
6635
2767
901
9854
1016
9918
2421
4787
5414
322
9692
2568
9162
2668
8027
2442
6758
1775
6434
3901
1965
3247
5981
7768
355
7190
7158
6726
2944
8023
4345
5191
6877
8789
4990
1225
5148
5593
715
4737
2444
3765
8696
9873
4339
1565
8778
5956
8742
9721
3125
120
2631
1830
5968
7792
1036
6630
5851
8290
5319
4286
6956
8769
9127
6272
3464
3481
1330
6293
3091
5352
1680
7346
6244
4302
5543
5163
9166
6146
3058
7940
9572
5101
7548
9472
8786
7833
6641
8492
1845
6712
6342
3003
2769
2527
1908
2940
7638
3631
9110
8132
3420
4710
5550
1372
1532
6771
5694
3311
1123
3983
5763
5790
6642
2474
7225
8229
9489
4171
9335
4806
2905
1192
6044
7995
6899
1972
6416
2122
6515
8398
8253
2187
6415
298
1586
5045
5222
5900
9070
2516
3418
3108
4029
1880
3042
8487
3967
4761
3637
5917
5711
8451
398
7320
1473
7938
4688
9100
2963
485
6766
7278
5626
4682
3719
7060
689
9702
9796
7982
298
4066
5740
7960
6773
7573
5957
2782
6617
6086
1331
5284
6464
3006
9221
9853
8392
100
8645
6573
5912
7734
6165
407
9585
1498
1009
2596
4451
8182
533
1351
3533
3844
1845
6494
7109
9218
3072
5856
1365
2210
1072
9795
770
6028
7470
8690
3886
8580
4893
1380
4352
6022
1391
6886
3379
9936
7189
3570
1578
3846
7920
7754
4295
868
6378
2546
222
8782
8906
8747
6210
5061
8139
5230
5482
222
1809
7916
4642
639
5499
8908
6936
6840
5373
1237
6001
3010
7939
6983
7070
5872
2565
6426
2124
7535
341
8899
4017
6965
6699
6826
3628
6009
3294
6181
4866
1558
8321
9596
9112
1133
9260
4048
979
1214
7521
6889
1122
3631
4233
6595
4643
6355
7635
35
5843
3673
5508
444
6318
4671
789
4933
3407
9846
1549
8373
3659
5194
2835
7506
5022
7850
1408
5850
7883
3148
7711
8599
6847
5222
9785
4581
9117
5934
9392
7416
7484
1876
4042
4071
5321
7236
8582
6263
9257
3723
5603
3017
3957
6384
3049
121
3652
8612
4178
495
2039
8733
8623
380
3557
8371
7450
86
6954
798
4945
8974
368
3126
7550
8589
8479
8133
7283
3041
3035
4531
2255
9785
8570
6667
8125
56
3380
400
8966
7995
9189
1047
6543
3371
1118
9986
1979
4257
962
7267
2397
3690
1052
7375
6035
6385
2087
8001
4440
1174
9622
9198
5333
4821
6193
2435
956
429
1792
3338
6324
9278
9376
145
1453
515
8121
2597
6688
6980
5629
5
7537
9129
9295
4476
5978
1196
7891
9161
359
5964
89
2116
2698
9433
5211
4275
282
6650
5650
9636
8285
7002
4693
6205
6699
6728
7224
6342
5877
9320
3396
2307
288
4351
4566
907
6517
8538
5925
5218
1332
8348
3124
8080
1394
2097
8699
9620
9309
1780
3626
3226
7770
9802
9835
168
905
9638
4699
7045
3067
1362
4902
5416
6164
2515
2928
8949
8075
8372
524
7622
8762
8017
8598
747
290
7780
3697
7985
2417
2276
1224
3660
8151
2378
7379
9072
805
2935
9670
4091
6025
6128
5437
3872
872
6133
3135
3280
4992
3802
6049
2287
8699
1322
5929
5320
8624
1408
530
2938
9112
935
2166
3759
6075
6277
1493
1571
2308
5820
6795
3269
6049
3338
8721
5559
8044
6092
569
2767
3630
8784
9166
3549
9251
6954
5278
5085
7678
9091
3228
4811
2541
972
4300
262
1855
6002
8865
9724
3259
820
9454
9357
3177
8457
9783
5633
5132
2291
4822
4782
1412
1698
1512
8710
1185
3729
4312
6573
9405
7139
6294
8380
5291
9506
565
5380
4210
8323
9217
1899
4023
4728
2691
8667
6269
941
125
6006
6012
7951
8435
2372
1443
996
2411
3418
2218
3806
5197
9462
3592
1756
5305
9433
6064
5545
3627
8290
9032
6165
7298
9783
4455
4858
9603
2508
2796
8816
9550
7216
3231
2514
3829
6909
5203
4579
364
662
255
1817
6254
3624
7082
8148
3771
2541
6240
1589
8690
3596
9543
5126
9641
8392
1283
7555
2067
5022
3616
6980
7923
792
2967
9139
8570
1791
4018
8975
9153
4792
786
8889
2679
8451
5762
3213
9395
8976
4779
7356
211
6536
9271
5
4403
8521
7961
5838
6435
1489
1054
2732
6339
1531
2148
2506
9591
1318
8912
2566
5365
7155
3617
3917
1537
663
8300
3889
3332
189
5672
9451
9820
807
7368
4673
4829
3956
1069
3071
8459
4508
7108
3589
6505
8815
7918
7938
9989
2106
1105
8556
5382
1888
9828
596
8494
3054
780
489
2457
2969
8342
1594
6496
891
964
5216
1229
5544
8089
2007
60
9738
8859
3366
7012
6327
8722
2926
4160
8877
3797
2652
8176
3747
8022
5450
2730
3644
2496
1991
512
4187
1470
6335
1188
6507
4570
9412
1297
7824
9766
5401
1625
7772
890
5838
5500
8530
3828
8458
5680
2482
3837
8167
4009
5593
3962
2055
2942
4379
8856
8419
5227
6182
3428
790
2718
318
2806
7542
9147
2688
1647
115
130
7695
6964
450
9344
4148
721
2015
2976
694
4878
3790
9654
6289
9736
2577
234
2020
1813
4104
3440
1295
3989
4105
2928
9348
3251
8371
2313
8697
433
7091
9608
9156
1081
9685
9387
7984
9799
459
3226
2907
5579
8221
2021
6162
7431
2678
5524
9132
7690
9425
665
4697
1105
9113
8845
8144
4201
1446
5816
8091
346
6438
4416
8513
2340
4981
2531
5941
6027
1545
9682
6340
4238
4162
8518
7679
6304
710
6371
1766
2586
8913
1309
894
385
7502
7566
7612
6953
7408
2261
231
8364
5241
4387
3841
4833
1713
8027
8288
4004
8136
5025
2368
2767
2370
393
854
512
5182
7540
61
4009
4845
5132
68
4508
388
9556
4984
5238
7574
5485
282
5748
2299
6915
5311
908
849
478
2160
828
9498
1838
8192
8099
6085
3365
3768
9432
6657
7136
7556
8035
6127
1875
8172
3894
3945
5241
5291
3729
7376
469
1464
8097
4192
7227
4842
3468
9736
1600
4689
5804
4975
1535
1619
6239
6116
1049
3370
325
6772
9133
7978
7386
9597
4898
9013
8643
2831
3526
2546
4530
9529
1679
7050
1866
1207
2629
6106
9871
1364
7868
7516
5861
8797
4619
3866
4859
2131
411
6569
2029
361
1180
1103
17
6039
2647
9074
327
7712
8526
7543
976
2075
7712
693
8291
8447
6306
1450
1189
3282
1561
9777
5004
2852
6081
9505
1845
7844
8864
6507
71
1418
8920
4532
1599
6821
5018
8614
6479
466
9609
4846
8627
6370
2434
8311
6407
4642
9813
7763
151
1508
6021
8789
5452
4233
2473
3968
1731
5216
6641
2365
7313
3625
477
9882
5618
3820
5610
4756
197
7432
9809
2734
7278
6757
4307
6266
8649
9250
1005
6349
9697
9128
3032
4885
8791
8954
5911
8180
9685
9167
6003
9617
2506
389
8135
5463
7278
7408
805
9609
6687
9090
4085
3613
1055
8385
952
3425
59
8477
969
3374
1916
7331
2606
2206
1277
9411
2952
7050
9828
5266
1687
675
9608
4714
7230
8942
1385
2483
580
6375
377
5250
2175
8473
2576
6279
8685
841
1392
1021
8175
132
5325
3513
5657
6513
3431
5971
6214
3474
1711
3879
7180
9635
3235
2115
9237
8550
3724
8699
489
4482
7365
2522
5325
7894
4661
4014
7663
8797
6504
9185
9531
229
7971
3894
820
6133
3713
2273
797
979
3215
8620
5535
8540
6164
3116
180
5098
8498
4761
801
4769
6691
75
5411
3233
6803
9442
5760
8152
8338
2668
6451
7775
7604
9743
4859
3161
9735
3693
852
4951
486
1440
2649
7233
9648
6258
6522
8809
1559
2448
5514
1679
2590
7441
281
1398
6346
3876
6852
7570
7642
311
9572
2802
3015
5596
9996
7070
8503
2165
76
2791
7805
7048
2633
1900
3985
2652
5653
2802
7659
5828
2975
5385
6050
948
2919
6667
1104
2878
4952
9024
287
3206
4772
697
1247
5514
3670
8576
3682
6178
8001
5183
7657
8753
7626
1188
7617
3243
7741
8082
5058
7124
3929
7423
9821
1410
7298
9307
7897
6817
872
8333
606
8395
453
6159
8943
8600
3082
8280
7606
8776
2040
712
8446
165
2744
6245
5561
8638
5822
3498
9134
819
7936
2763
5881
9610
4248
8471
8560
8645
652
5780
1066
9165
4044
4798
1681
1154
3426
4786
6838
1778
7408
3837
9805
1151
619
3054
9262
1723
5766
5152
1176
6275
3066
8391
9057
2399
2968
6319
2944
5462
7033
1268
6161
6226
1514
6847
6138
219
8854
7670
1228
4709
7553
1558
6101
4858
7453
2801
7299
5266
3966
4166
1900
111
8486
8664
5535
8364
4450
3800
4991
3904
6518
1161
4224
6796
5869
6118
301
2741
385
6783
6271
813
6410
4056
7309
7716
4808
9318
6705
9868
9931
6376
4682
8736
1810
4333
5325
4658
1488
3433
8244
1743
3506
6165
1623
1688
1866
4698
9752
2757
881
6337
9077
8907
3898
8198
5565
7899
7703
8098
6297
8589
8052
3221
2505
2008
4509
2755
2536
1035
9159
1984
5618
4506
886
122
6740
3255
9787
3043
2035
9366
2698
1418
2123
1125
2409
8821
9641
4484
3112
6658
5649
8030
5145
440
7260
8855
1743
2101
4997
932
3701
4667
2785
5770
202
6860
6106
3151
6962
889
5141
6665
8455
3981
655
821
4192
8417
8603
6279
68
1461
8221
9409
7715
7373
1870
195
6216
8208
1639
1641
7186
8678
4353
520
3929
224
9866
4662
3656
6387
8098
8706
8252
5291
1439
3096
4775
7751
2287
8180
4025
4029
2738
3269
5694
4275
2138
9821
2266
7342
5844
3473
9827
7337
1870
430
6194
268
5550
1274
5795
6615
3189
2481
7330
2236
5392
6692
2492
3616
2498
6164
7973
6061
7018
8159
366
7746
4673
4528
1504
8946
1699
6249
1918
3244
5683
3364
7335
2671
1571
5389
4118
416
40
686
2251
7018
2065
2923
2132
4906
7461
8502
8303
8013
2391
1662
4931
8902
6173
9528
4920
3755
8751
821
1749
5475
5452
3958
230
7273
4329
1309
5466
5457
7465
3539
5471
7022
8191
8725
1216
1325
1726
2251
7121
3935
9795
4371
1465
5187
3194
8242
4791
7400
2607
1253
2191
4946
3192
8034
6430
98
9887
4772
2247
7179
2830
1338
2414
3531
9813
3298
4603
558
3591
9505
4868
1253
8475
6305
6115
49
2746
6364
2860
2777
1936
7391
3436
4787
7757
6613
541
5946
8268
2724
2841
6427
6963
2823
7116
68
4467
9917
9333
2239
6980
6813
5639
1113
6994
9583
6073
8285
1853
2930
9445
8293
8149
3465
1591
7996
9182
9628
949
8901
8708
3342
5473
2453
2955
1453
9625
2063
3985
2740
1767
8725
1163
9981
1462
6724
9200
8019
2023
2777
2705
4310
6901
9531
6679
3928
6652
7641
8970
2883
3402
5109
8493
1493
5914
7357
7024
3721
2510
3415
2226
8301
1675
5241
221
7080
9430
5854
68
2725
9674
3643
4839
486
9614
8447
1091
506
4174
291
2516
1306
5104
7609
8707
8598
349
3617
880
3534
1093
931
6069
8207
477
6722
370
8597
8347
6527
9741
703
181
7727
6432
2095
3501
282
440
9832
6165
2863
5018
9584
4880
1541
4784
8245
5341
8083
870
6032
4053
9079
3543
8862
2066
4584
4146
424
6511
8475
3059
105
2019
9913
9155
3345
4590
7087
2305
5022
6649
2394
2681
7381
1105
8902
2833
3384
7014
138
5396
8097
4835
1210
5937
6490
7019
9971
1631
5177
3365
3399
7635
3085
7276
8774
4353
7105
5588
942
9050
4559
5548
3448
9665
8212
6156
7067
8226
5772
4005
9300
5500
3632
5629
8726
5013
6741
2450
3093
3113
1147
4152
1081
6565
5536
5869
847
9279
9164
6603
9799
863
9214
9739
3820
1157
9022
9804
4483
2156
3488
1685
8483
4127
6170
3625
9842
6451
9691
8119
5973
8541
8395
2513
4504
4137
8935
6116
9335
61
6320
2321
6811
3721
7684
9303
4720
8063
22
8639
5091
8348
2302
8672
4072
2758
6444
5919
2981
7615
7995
9782
3505
5614
2063
7370
5883
3893
574
7589
5100
1467
4758
9211
515
6026
2874
8457
8149
7534
4038
9269
2118
949
9928
7891
6186
6207
338
1211
4070
1578
5424
8165
2182
7300
485
3246
3934
9763
5148
2762
4949
962
6324
1799
6548
7244
1341
1226
1792
3716
5995
5607
1508
4169
7777
2358
6750
1686
2343
8299
7564
5444
6479
2240
6751
9531
925
696
1709
1285
4032
4406
5211
8469
7138
5278
2143
679
3013
5453
9730
7903
4083
5095
2253
8910
9146
6349
4590
8308
7433
8299
8645
3694
1568
5542
4994
2407
4010
129
9403
5813
9862
3583
8710
3172
3015
4970
5156
9870
850
1665
3206
2535
8916
2270
1592
8644
149
1369
4713
2069
9751
2044
1542
7540
2137
799
5197
7607
1921
3360
9731
6999
3097
8063
7695
5619
9945
4691
5483
664
468
7465
1920
9883
7057
5017
7335
2418
3366
9143
7874
4439
9952
1640
1080
1864
5018
5506
357
6880
4280
4436
2437
7443
4061
6189
6612
6254
3652
9324
8209
9864
2684
2878
7160
7942
9180
7579
1374
8158
7187
82
929
7073
3533
6795
9906
9377
3854
1484
5849
9768
3822
3536
1846
463
1726
1668
3470
2
1430
8013
8591
6641
2488
8986
3382
2920
1997
807
5193
8860
6136
631
3467
396
157
9880
4521
3688
1324
6523
8427
9722
1726
2765
6542
5736
1226
1335
4400
9546
5897
6808
9637
8366
398
6678
3634
719
2105
8471
1199
3196
2793
7894
8685
1199
8483
7157
5664
6391
482
769
1592
2776
1706
4394
4725
1624
5655
421
6084
1274
6158
8545
3243
5353
8653
3801
5060
9395
9047
2745
799
2173
5896
9858
8253
6195
6423
7831
3991
7040
7952
7886
4164
34
5003
4793
5860
6458
5579
8
2455
2254
2232
6998
7675
612
358
5085
3115
4134
5730
194
763
3279
3584
5019
4048
3074
10
2927
3812
1605
1094
4867
6168
6126
9355
986
2696
8181
8610
7477
3125
149
4820
4749
6569
5670
4597
129
1138
951
6623
293
3842
2492
8094
3156
6117
8259
1603
5256
7889
3366
8684
2579
7013
4608
5034
3189
2667
524
7306
5158
6395
8122
8511
7972
157
8754
709
8484
6069
54
279
4675
4095
743
2145
3561
3761
3191
7953
2785
5073
1996
7458
6525
8815
4832
1269
302
9969
7126
6514
2736
1601
2974
7537
7021
1023
3386
9873
7854
1271
1088
981
8573
8867
3076
904
3766
6760
260
3997
4640
8258
2843
2723
8293
4979
9928
773
9380
2606
2677
8490
5547
9885
6168
6748
5724
3374
7194
9499
6284
4538
2617
280
9676
1977
5931
688
209
8232
4606
7362
581
7319
2800
4234
4926
5558
941
2654
6419
8364
6531
3622
3971
712
9409
1111
5942
8144
7276
2823
7234
5419
2603
9029
9887
9155
6757
110
3239
8364
6751
6701
1345
3574
6141
3362
921
7745
7322
5677
8505
8311
6921
6034
7081
4949
4491
6807
9801
492
9312
4126
7720
4019
377
7348
1253
8667
5141
3539
2454
3657
1046
1189
3897
6773
1270
2521
5817
1375
5441
7923
6446
2049
7899
6966
9857
9941
1038
820
3708
1999
3347
5603
6755
2537
1313
6332
1429
5512
8377
6276
1424
5638
5030
4731
6697
3694
6748
8418
6696
1156
736
3722
6771
9049
6785
9753
1287
5668
2676
2069
5423
3784
3516
1153
8871
9899
9002
6630
8427
3617
8069
1162
9121
5975
3891
331
1609
6122
5387
4745
5319
674
7863
7779
6695
7521
9130
1284
7616
6942
1716
9375
5822
8309
8125
4987
6954
6751
1497
3215
206
92
1372
3827
3221
9738
3517
354
1306
9562
9959
2628
7386
3711
4557
8580
8869
2102
6596
8159
9792
4211
8015
1408
2479
6408
6631
9358
3321
84
7151
4549
9710
1960
1702
4861
8422
999
1947
8651
7949
4043
6572
2922
6354
1118
9374
4239
6476
1117
3263
4605
8395
6403
9316
4896
1514
550
2183
5791
4851
2580
4164
3488
5225
5709
4942
3874
9589
3157
8819
5434
2182
182
7063
3025
3311
9335
684
71
6781
3021
6291
353
6424
4098
103
2481
5356
3075
9237
992
7582
1704
1245
8042
8745
5256
8011
7740
6321
4759
6788
2766
2283
4570
6199
2488
9417
1268
1778
8055
8036
121
8490
6790
7625
5771
5715
9681
8165
8154
8803
1033
569
8419
9943
8502
9012
270
8732
2552
4507
7923
9629
5647
2126
666
2519
4208
7886
317
3803
951
9239
6024
6572
3520
2363
863
5532
9380
5128
2944
3115
2873
8847
1022
4636
5581
9355
5107
2404
836
8308
9984
2897
3782
6908
176
2135
9706
5777
4228
2994
9147
736
9611
1956
2448
6597
9789
6804
7967
8635
1306
5994
4359
1718
8284
6607
5389
9905
6134
7211
7062
6750
9955
8303
2688
5144
1684
5686
7345
6656
5940
5075
780
1726
9932
484
6480
905
746
5632
3884
7709
9368
2008
4858
7941
4719
481
8333
3479
4266
5170
5801
460
8015
9735
273
8400
8326
5268
8436
7595
7584
9236
8831
6833
1376
2498
3727
4558
9777
8945
3184
2379
7508
1347
7029
9636
5263
7380
5637
2783
7489
8469
3018
2750
8937
3780
9936
900
3357
8136
9812
5997
6009
7837
7908
4686
8405
9062
3151
8346
2275
7551
9510
5507
3027
6885
2247
3408
5526
4609
6020
377
1783
965
6205
6594
9898
4741
6875
5237
588
1321
7145
6830
7769
6849
9526
103
2231
9178
9727
8042
6153
4887
5833
5123
972
1464
4426
515
1862
2220
2046
2053
9876
261
9082
3952
8281
1513
9314
923
6488
750
7031
2830
8889
3217
1362
4193
4676
8589
6678
7958
6931
1840
5399
5736
4735
8593
3328
2747
4043
9446
1761
457
4156
8541
8562
7738
247
4601
7324
1653
6735
8931
2604
8922
2959
2341
3818
481
6008
128
1539
7577
6850
491
6245
165
4547
5331
3080
5139
3361
4044
3195
2368
1217
636
9790
7879
1283
9180
9115
5910
4796
1522
166
7158
6855
3132
5869
8597
4755
8568
5734
3902
4950
5998
751
4443
1844
4955
851
5039
4589
5398
4262
6329
9534
1500
2962
8431
6770
4135
6288
3174
4629
4045
6324
7848
7046
8141
8179
6150
312
6462
8924
1700
9508
10000
1691
7327
310
1358
2736
3677
7510
1084
4914
8705
4310
1787
2528
5848
7635
388
9443
38
2148
4787
2132
2517
9574
3650
1709
7822
4085
1033
9075
3587
4647
4812
6556
1499
6659
6154
9252
5231
8274
7516
4021
4831
659
3694
1389
4312
1841
9652
6243
3461
8849
9148
7379
1047
1370
7909
7316
2231
7990
3451
2318
9878
1254
8077
7883
8450
5010
6267
7823
2145
1150
112
8198
868
1981
6533
5838
221
5318
7671
7797
8974
7907
57
928
6676
6097
2672
2931
1963
1739
8747
865
9012
1305
6907
174
4479
6200
1801
1176
6544
8585
2661
5064
9514
5419
221
7873
2079
2762
6648
6419
2665
5854
6098
5836
9354
4732
5420
4191
1263
2685
41
3749
6371
6258
6976
5486
5376
448
2664
7056
7237
8574
2784
8797
7545
6257
592
3324
5377
1200
4370
3514
6707
3549
9814
6918
6928
8642
8293
6471
4354
3103
1880
9009
5682
8236
8615
1488
5717
4244
7177
1017
6652
4248
2703
4279
3449
9977
7205
855
2860
8084
3684
5848
2611
3763
6953
8481
8829
4089
6400
916
1346
23
8595
8299
621
4094
7125
5824
7928
4678
6385
6982
7164
6407
5705
3217
1011
6151
3416
4508
3747
8131
10
4821
7692
2082
7290
3221
7216
5548
9479
3358
9314
4140
8599
2464
5223
8011
1537
7911
9477
1688
133
751
9800
2081
2802
8474
348
114
1850
619
7885
3126
4260
141
2879
5888
9296
8019
9505
7097
9683
2433
8500
519
6355
6706
4111
8440
8725
6186
7733
3057
9948
5531
1750
4844
467
4989
6598
4965
8482
5040
6681
4635
4960
2946
2423
4110
6804
7652
7496
5312
8643
5017
6961
7574
4141
2675
735
6630
164
9186
5945
445
9043
7578
919
5341
1823
9055
7439
785
7567
4836
9965
8200
69
31
705
3356
1418
2274
4135
7237
2826
8837
7541
1020
1299
3162
512
9200
6266
9373
3583
2675
7125
8725
2708
7618
8379
6842
1445
980
2958
9166
857
6678
9834
7233
1535
4122
1970
8748
3397
9880
9051
6701
5611
3213
4096
4907
5308
2577
4148
6125
4815
450
1982
1297
4613
8109
1422
8304
676
6797
7864
2590
5050
2666
6437
7843
1826
914
1327
404
1071
1940
7638
9945
4150
7497
8468
1735
3179
3988
690
2569
7346
1729
6122
2634
5026
7832
497
9129
2404
6204
745
9309
9607
2880
8133
3746
4149
4623
3167
4920
5277
8200
8722
4016
4060
6296
2994
1619
9371
2184
2534
8114
9919
3411
778
1362
3768
6062
4247
2592
8936
2400
8934
8039
3400
2773
7352
1193
3771
5875
31
2055
8928
4480
4704
3172
4855
5391
6602
8010
4269
6658
3611
7658
9977
4116
6625
1266
7309
6501
9137
4146
5602
899
12
6826
7452
6868
2499
1159
6487
1751
5648
8199
438
5821
1195
2522
2869
5072
9654
4144
6846
8879
388
8661
6282
626
1444
2437
2499
6211
1972
953
3891
797
167
13
6419
301
4460
5353
4947
3019
5669
3099
1705
2956
8497
5774
3963
1543
3477
1144
672
6184
8363
4575
4590
9045
8818
9272
1246
3394
5640
82
3110
8095
8674
5291
9132
9649
1536
9761
9038
9438
4860
6941
3152
8382
8446
1558
9070
2157
8500
7276
776
6957
4523
2762
5664
533
8295
8955
2844
4071
8590
9507
2956
4734
6231
4492
52
1601
4106
5783
8599
5965
6246
2546
7014
5491
4210
6867
4165
8721
6339
8649
8838
551
2849
9618
8976
8075
5945
9681
2659
5186
8890
7396
6473
1054
1351
7333
3702
124
522
1642
10000
4272
7807
830
4225
3803
7115
5663
3173
4980
3676
7009
1806
5927
1685
6207
7787
2938
436
9666
3569
980
9615
6916
9561
4686
6603
7511
3378
3944
2073
3209
1658
802
1030
4345
7875
1169
1898
7252
6101
4178
878
7263
7735
4167
1881
6899
9723
4419
9227
3451
3462
258
648
9442
3883
508
2323
7661
1181
7304
6210
6534
4734
2736
3263
779
5053
8009
9482
8770
624
7407
5844
4850
300
7410
1385
8778
3053
7606
5604
4175
5132
2261
4745
2076
4458
4405
3827
3624
8501
1691
2981
5283
8385
4883
1997
5513
9387
1962
4342
4846
7218
5505
1054
8266
9568
441
1563
4316
8198
7717
9814
4375
5678
4609
4015
673
4776
2418
3330
8043
7493
9186
2744
7925
4715
9529
5754
9284
1519
8864
1686
4684
8633
2878
9148
8424
8716
9018
5346
9948
3264
3213
8815
9089
4803
348
2752
2739
9908
6934
2403
4776
4987
6501
4333
3363
3760
1089
7777
9614
4520
8741
7967
4088
665
2120
9488
4550
1493
2782
6249
4710
5021
350
6048
2717
7471
1003
2599
8059
9881
8604
560
5011
887
2759
2958
2420
3600
2222
9951
8013
2122
3516
6850
8657
4489
8586
8008
558
7416
5366
5680
2466
539
2731
7033
3973
9107
2702
9555
6272
7787
955
7362
6199
2175
9222
5176
7774
7651
9668
9067
5342
9171
9803
6462
493
8079
5809
1044
980
9129
3230
5897
7984
8748
6975
6343
1536
2275
7467
7380
5093
8111
8018
8583
6354
3733
9912
209
4609
9690
9460
4937
8944
6065
1145
1046
29
6356
1343
8248
8722
6547
4268
2603
3443
7440
4038
7541
6181
8014
5051
5015
8005
425
9513
8575
7153
185
5544
1770
906
917
3178
6898
1738
2905
7374
9626
2492
7530
606
2949
3169
4870
6735
3866
7442
697
4384
3697
846
9566
6842
9186
1327
5194
7186
3821
1817
7111
5092
1713
3636
9551
4045
3511
986
1582
1740
8878
1719
3609
1908
4650
4573
3984
3103
311
829
810
2346
1422
4082
9955
9110
6895
8493
6323
4137
3113
273
4328
5378
8662
370
8157
709
3965
6437
7871
4679
4298
312
7861
1905
6890
1487
8463
2361
2220
5405
7383
5022
2376
1848
9203
8783
9704
3350
5872
7922
9802
2784
7563
5766
2250
7135
7621
5137
2500
6583
3817
3576
9718
8804
5158
8545
7806
3402
5218
9389
6414
3743
1636
7340
2756
7576
7054
1155
8750
5696
9060
6400
5121
4289
1885
2232
2424
7217
1028
4724
9103
9672
650
5940
5792
6469
8668
2322
932
585
875
2130
8242
3431
1559
5866
9999
9263
9512
5526
273
4777
4231
2262
8880
5422
4263
2231
2678
6933
6377
4308
1527
2137
371
2791
3900
6129
9718
8710
9083
223
3970
3515
4103
819
2432
1884
7717
820
4809
4294
3472
4723
1636
2655
1815
7488
887
2747
9616
4120
8888
981
4249
3584
9008
8643
5201
1084
8909
1926
7654
8024
7365
8040
4773
1881
5139
4031
2264
7241
2749
6173
4375
483
4502
7664
6359
6801
2563
6951
8233
378
8179
9293
4481
9131
1433
8185
8138
7084
9799
1599
4684
159
862
9683
720
2129
9373
6586
8248
8765
7548
9901
2731
1266
8225
8923
5607
5070
5434
3063
9276
2243
767
6850
8516
2960
7852
1803
1865
297
1626
2907
6052
9845
5247
4776
5750
7344
3944
4674
3190
1884
5840
8701
1600
253
6850
3123
7500
9734
4372
4583
6205
6192
981
8519
354
9854
3231
7818
4923
1098
2736
9519
3729
8677
370
2028
8045
4963
7407
6026
4865
1010
2865
829
9031
5542
9710
848
6525
250
6045
4848
7672
6839
906
5669
3226
6904
8808
9874
1710
8996
5125
9305
2990
4852
2525
9060
362
1561
597
8303
7429
2375
1331
8863
3306
1352
1404
9345
3699
1206
9809
8337
1532
99
1210
5981
6440
8744
2063
8387
8024
76
7544
5453
5367
9980
437
9595
1786
9204
8075
3837
4969
3707
9686
5297
6663
4360
5115
3201
7872
7080
4868
1435
3376
8882
670
3150
6685
7798
391
3117
1469
4024
5318
2528
3846
4195
1088
7831
778
7428
4653
980
3027
107
3835
8493
8599
1099
7882
7604
9722
4147
807
4861
660
8622
8516
679
4955
8113
4776
50
101
2797
7478
7417
7749
7421
7533
2145
3041
7632
2278
9577
1272
4153
8294
3055
9192
2272
8013
7626
40
7241
4913
4370
4927
7566
9734
8642
5938
155
7128
8018
2265
2731
5767
1485
7599
8089
9444
9951
3095
376
5460
4962
8846
5927
5302
6787
1368
7390
2338
4044
7241
2168
6878
353
3712
8856
9140
2758
3011
7455
2786
8946
2181
9734
3852
9592
4188
5884
3608
8759
3962
4446
758
7242
1377
3444
5710
6664
5467
103
2476
8521
2741
9499
6611
8964
7584
6836
3135
5773
5440
1367
4215
2177
7904
1813
7924
3309
9516
5540
6116
5410
3275
7734
7789
4300
9157
8163
7712
5447
8900
7735
9662
3015
5167
9627
5400
4605
8447
7316
4381
5398
3124
8330
7310
2669
6514
7844
4918
837
8820
1027
9375
7666
809
1303
1812
4237
2796
1050
5481
8206
3683
4652
6488
5269
2575
1514
8080
3122
8970
3395
1693
784
3806
6770
7713
4100
6574
1875
7039
5883
6468
4273
969
4817
3804
3258
9091
6130
2223
5176
2141
6219
8659
4904
5951
9356
4013
8367
961
5181
7569
152
1648
3821
4742
575
7230
7806
2607
6848
5093
559
4172
4509
3618
4005
5837
5353
3322
5863
9213
6176
2572
4464
6844
3097
8551
620
4558
9083
4357
3534
3448
4952
2260
1799
5728
1294
7318
8669
2405
6230
5407
2966
6467
759
205
6287
1190
2170
4520
3643
1800
6161
7879
5916
3202
3705
9400
5444
2589
600
1980
8837
2348
7403
5507
479
5120
1689
9202
4067
1427
5605
7672
6823
4290
9671
2895
2879
2495
8325
2939
6152
3240
4396
6305
1945
6038
5472
9670
4132
1897
207
3770
9570
5764
2094
9421
1490
1659
6039
6748
6384
6427
5517
963
7099
5820
2495
833
9448
9647
1313
9853
6483
845
9126
329
2837
6261
3431
8604
5175
1904
4368
5170
7744
6175
1866
4144
2663
2935
6968
7018
2267
8732
5987
5299
2703
6091
9890
8109
512
1313
786
8010
1342
1552
4467
8195
5982
2863
3983
5848
7917
4991
10000
9346
3360
6652
7969
1752
6393
7509
9629
702
9363
1695
4172
4505
9022
999
2421
3541
3837
4628
9985
3643
6936
3611
2907
6933
2506
5929
5779
4525
3285
3145
6651
9827
5387
7057
5113
6718
8624
2121
4704
5599
1973
3008
8481
1583
475
263
9488
1417
9996
4884
9918
8315
3326
8166
4145
1446
4721
4686
6304
8108
4034
4601
6903
7305
5297
1006
8059
9030
6354
9098
2782
4679
9092
8313
1401
1708
485
7798
7695
1327
1714
5968
3239
3393
9710
2203
9505
4482
5777
2649
1799
7084
5631
2963
9570
1621
9234
4034
1653
280
635
8463
8876
6939
5564
5208
4632
7841
3390
8791
5805
533
9218
867
3036
9815
6940
5770
5518
7032
8910
9140
1825
3360
8848
9782
3152
3834
6425
3013
4863
7295
1737
911
8206
3798
9158
9759
6914
8893
1217
8246
4922
3266
5304
6114
9553
2782
4840
7408
3226
5812
3699
1690
4292
1773
4429
9624
7865
6942
6860
9969
7456
1803
696
6385
9367
6779
6433
9290
8006
1452
3429
5904
1863
9557
693
6376
4022
9926
2061
3842
7094
2526
5199
2744
6036
2720
727
1919
6263
3864
7356
6003
1332
5139
3849
4639
7872
2182
4403
9917
1075
7738
8676
2169
9136
4907
4724
320
4146
7974
2570
6806
1217
7592
5367
5900
4537
7674
2414
7824
9793
909
8029
754
4996
3136
9067
4309
838
7730
7839
6856
4958
130
8725
2740
6399
4899
172
9374
4279
1762
8227
9767
3637
218
9458
6330
4482
6771
4034
5768
8086
6336
9131
9452
6440
6704
2456
7844
8426
8859
7095
1189
9134
3218
4398
8953
2588
7507
3560
696
6081
352
1228
5816
4147
6434
9124
9574
6243
6931
7991
4518
2977
6230
6853
3054
2798
2952
4271
2052
9963
1887
3221
9732
2930
5190
9313
6876
259
5780
4739
2460
7490
4918
7071
7066
4182
6748
6651
4078
9067
8620
5980
9269
4660
1809
2524
534
5455
7338
3435
425
6357
8864
6355
6525
9298
1440
1587
6990
1938
2334
21
4379
9400
8736
6135
1912
9946
7486
7992
8942
4425
1800
5165
4346
311
5650
7880
5743
767
4118
9640
6353
8023
2732
993
4030
3768
3342
7941
7588
926
1181
2022
9627
2936
8100
2197
8950
5319
3121
4656
4208
541
6061
6679
2765
2894
3327
3479
5394
2225
4322
2362
9564
4490
3111
7307
1711
5464
8043
3738
6465
8256
3197
6971
9679
4963
7762
7616
5650
4983
8183
6060
5839
9766
3529
979
4450
317
3122
1145
205
5201
770
3619
1711
4994
4941
7166
8576
9893
5554
2816
6359
9517
719
574
6562
413
3112
6682
6349
7068
3067
7753
2061
7726
3190
450
9616
6870
1491
9832
1516
9307
3438
2072
1572
2233
9260
646
3274
3096
8112
7594
8608
7189
1941
9255
1183
2861
1824
9780
3843
5446
3871
2222
9335
8074
8540
9281
5515
8949
2196
942
8005
5762
7875
3681
5418
4745
5524
3989
8965
1662
8222
6219
2064
7864
7808
511
4291
6090
5281
8288
1425
9160
9179
9568
5101
9711
2509
8001
5534
1168
8854
3432
7887
8201
542
4513
3032
7603
5835
42
8928
4877
4892
2346
4068
9533
7171
5954
8452
4139
3168
3532
282
5675
8669
2336
7688
1640
1424
2096
4239
70
4422
3003
3107
7198
1779
9251
1396
678
9725
5507
5358
8323
3910
7394
7953
2162
3019
6448
9755
3455
7003
2535
7855
1084
4549
7540
4267
5752
4120
5915
6910
6797
3448
8905
3767
9757
8858
7194
4484
622
965
4869
908
2777
7129
890
1458
61
1237
9677
5659
3705
7101
1390
9248
8502
1793
9894
646
7410
4549
3056
3738
6696
5747
5825
8996
1847
9560
6164
5750
6911
3727
7908
2237
2573
5935
6027
2
7630
9552
2877
2155
8130
6133
7002
4097
6466
7610
7985
8352
6184
3017
8926
1860
7850
7813
8712
67
4349
4275
5416
151
4631
2249
6588
9635
5382
8334
9317
2525
1807
6333
2665
8498
4076
1808
5651
2433
2081
7620
9061
9991
2933
1028
417
2643
1365
265
515
7824
4673
7214
9649
2095
3816
6042
4246
1152
9054
7115
5750
8347
5260
4304
80
5423
326
4521
7562
3529
3541
9596
7872
5996
4642
142
6230
885
3771
7034
7816
4596
9588
7305
1846
5874
7671
6588
6757
5384
4630
922
5952
3552
3269
3723
4388
7242
3
4042
3509
2325
3143
4538
9879
4439
7263
5384
4670
8517
8245
4167
4313
7130
685
6300
9961
1756
433
1894
468
3384
2777
1402
9560
1001
6425
6178
3433
7758
9676
7850
9202
1284
9050
7783
9261
5010
3862
8710
9330
4396
8805
9129
6255
2134
9159
6568
6009
8088
9619
7629
8610
208
5922
6270
9782
9094
7491
1400
6464
4744
7847
7284
6200
9169
1497
2796
753
4162
1529
3598
506
8231
8207
1606
4782
7044
352
6563
7328
5348
133
8058
1988
1674
3157
2476
4866
5792
1286
8940
7279
98
1291
810
1208
844
191
3978
3821
457
4224
8893
5015
3118
1305
8950
4407
9800
786
6838
285
7963
151
4383
720
393
1867
6683
1425
9143
2775
7240
3952
6817
2872
7807
9317
4217
7605
3858
3646
1721
4486
27
938
2014
8229
7417
6353
4588
2388
4434
9860
2072
4199
8884
4526
2788
3956
8038
6803
7791
674
8395
4042
6498
9343
7159
4803
4804
9051
177
4521
1391
6307
425
3927
4191
2399
1246
2338
6628
8511
9846
8628
5615
5227
3496
2429
7902
9467
5124
1626
5877
4972
9495
3313
5915
472
8233
1086
9438
3611
7293
7613
9019
2633
4623
4033
519
9073
226
8959
2785
2660
8812
8063
7763
3401
8127
3171
2701
8076
4638
9849
1613
9824
9225
5569
7991
9741
4847
8486
4062
528
1689
428
6940
3156
346
7427
313
685
8875
4027
7294
9270
6747
68
6184
4745
8534
1256
7667
9760
3555
5814
3222
9786
7435
1472
8083
5675
8432
6672
7527
2028
9581
7602
6504
947
9469
7357
1115
7187
3915
9434
5317
7545
1371
997
3503
7483
6952
9457
8091
9106
3164
3859
4093
3589
4313
928
9650
5579
9887
3943
3551
573
2506
1553
3204
1720
4158
1174
8180
223
9454
4316
9268
5425
704
1651
6502
6082
8259
2455
2748
4146
6117
3729
9544
1698
3627
4707
5408
5862
9831
7427
5030
8703
5176
6779
9833
4558
3830
5914
3439
2773
7395
1751
2567
4453
4990
3443
122
4078
9869
9749
6261
8345
9246
8895
7416
6636
4230
6376
9663
2409
3957
2303
2818
6391
1023
5821
7236
7376
8091
1746
6006
83
7570
7794
2918
1901
7740
6929
8707
2302
1288
2438
1160
6093
5337
1704
7669
8520
1871
5648
565
1772
4661
3109
296
9620
8378
8039
3197
7155
1242
4171
1014
3275
7384
3622
9679
8537
2116
5726
9977
9488
5548
1701
4074
1925
3669
2645
8677
3873
4049
6061
6919
6176
4537
6616
6512
4951
8442
9922
8728
9476
7699
8736
785
7196
5613
7613
9302
2542
2465
3632
329
9988
4746
312
2626
9725
7392
2635
1525
9514
4128
5043
7238
7312
3905
1280
2770
3410
4038
3701
2139
4507
8846
632
7107
9723
2266
182
964
5090
2246
5860
3357
5123
9707
7840
339
7257
7006
627
5074
5085
1622
9097
5568
8661
9042
3973
4477
9648
716
5254
1568
6360
1886
9013
4345
9783
7881
59
4356
6818
365
6099
3888
1986
9742
7460
264
216
2101
6687
4856
8369
4431
209
7687
5424
198
3095
1187
3609
33
5308
7985
4466
8537
9354
3590
5130
6101
2102
6344
6530
67
3705
8475
2722
3197
3534
7393
908
8207
4258
2823
3638
5661
7936
4735
6205
1319
5204
6108
2738
8960
5862
163
9882
1654
415
6898
2921
5419
8565
1850
6831
6021
1297
1633
8118
1123
1453
9722
9467
2203
8404
9904
5414
184
8371
368
6952
9068
7706
6385
512
727
5047
7497
2653
7627
7222
9774
1829
5643
2650
9766
2944
4055
7384
7366
8731
2970
9102
6044
4643
8721
5273
1074
2111
8675
1178
462
7802
6843
8757
5504
8159
966
8219
4735
7957
2698
2018
1958
8788
4078
5238
5064
1047
6189
8365
3365
477
9045
1616
106
5992
7806
9789
125
8674
544
9671
6594
7836
4961
7805
5698
5304
2575
3497
2890
949
9332
2571
2692
3358
5640
9218
8828
349
7830
1866
3552
1902
5796
3268
5470
2132
3656
4748
4350
3602
2627
2098
2027
1289
3870
4973
5499
6022
6055
389
6006
4377
4300
8174
3231
4149
6139
1440
1332
64
5311
1860
3605
8201
4383
770
4981
7142
8196
4963
4797
5386
8879
9463
582
9957
3583
4312
5711
4246
5335
7823
9126
1317
6884
6823
7161
616
9679
5196
8217
1210
6572
916
4053
3604
3739
3335
9955
6570
5267
8354
9674
3620
7577
387
5658
2865
9270
8128
1319
7720
4341
4322
8220
5642
9806
421
7296
4713
9985
9937
8525
7493
4982
5764
6240
9160
551
9639
8290
2382
4475
2502
8095
3425
6705
3145
5789
1514
1582
3019
6242
6227
8187
8888
1709
6712
5534
5840
4702
3462
4529
8386
9689
4559
7055
5566
3738
3038
4392
3720
896
8202
4126
1990
2741
767
3708
2153
1116
3020
4106
6956
6402
4892
1535
1153
9109
1343
5438
2473
2430
7602
1821
8133
6859
6379
2650
9518
1531
9805
3089
6464
223
7495
1785
7251
6861
6261
7348
508
1535
3053
6235
1477
1370
7109
2503
9872
6549
7030
2316
6431
5790
5634
4086
291
7518
2018
153
5190
6975
8903
8488
5891
5858
3478
6366
7450
6859
4902
2039
7142
7585
640
1996
2457
8909
5871
93
5831
109
1812
9928
2972
6666
4045
1423
8351
9056
9107
1622
6439
3536
7746
5797
1798
3495
3564
5454
9419
1551
2263
8567
7652
1790
8941
1309
8079
8311
743
235
3481
4797
927
2268
8350
8244
1090
8291
90
9006
9201
7399
8174
3264
3905
1451
2370
27
6620
2486
8605
9329
187
1157
1075
5003
584
1852
5268
3551
8930
4790
4432
6746
7387
349
8193
9623
613
2489
2011
7878
9432
4234
4950
6858
6938
6390
4535
563
5223
830
1582
1035
7537
7220
5105
5515
4605
8637
9365
1671
3761
4013
9884
6219
7553
7337
6740
8286
2505
238
739
286
5865
5687
7616
3662
2080
2821
6797
2436
8110
473
8667
8936
7449
36
547
6362
1957
7724
9860
7729
9644
7939
1153
319
488
6995
8533
8420
1439
496
562
8370
6779
6257
281
23
5168
6988
9844
190
8518
1192
3636
149
5999
2500
7319
1141
1414
5386
1
2472
1822
445
3145
6138
5605
315
6147
4165
1330
3852
5499
6848
4148
7771
4589
9786
3838
3451
5810
9843
7965
9709
6311
643
6712
9756
7924
7348
427
5756
9170
4954
4186
7623
3696
9609
7021
9099
8826
2143
8493
4862
3893
7326
8302
3044
4756
957
4054
8471
6294
6854
6146
2444
7966
4872
4956
4488
5184
4825
4874
1076
4416
8909
404
4591
8936
9403
2985
5159
4070
7445
847
6398
92
8671
6981
1020
4587
243
5045
2416
3857
2728
6613
4306
4959
2142
9662
753
3923
8601
2472
2287
7862
9568
7711
4532
5588
1405
1187
2386
4937
9152
8130
4908
6132
5772
4835
9986
3479
1579
3967
251
3177
7571
353
2988
6182
7127
9490
2564
2008
4471
4262
3893
640
6163
6863
1321
2186
8819
6775
988
6219
954
5239
6416
151
1080
661
8589
6400
3118
1805
212
6958
9131
8716
7995
4389
745
397
954
3199
1881
8451
3767
4742
3579
4519
5110
2860
621
709
1431
5243
4049
7100
4445
9754
6660
5869
7248
1369
4721
8784
7887
7318
4624
6724
6896
7047
4493
5029
4484
2251
9139
1161
2433
8515
6904
803
1818
7909
3923
4175
7543
7678
9047
8467
9398
7102
4604
6854
7401
3376
7777
8214
6791
371
5545
6591
8164
5995
8825
8735
2695
8338
6908
9741
5718
3753
2144
7047
3902
7839
6969
9576
4633
4674
5850
6389
6724
5434
1306
5482
9626
2908
6123
6279
9929
8361
8807
1429
4277
8297
5512
7770
8826
1274
8932
7036
4722
4596
5908
1077
2253
4301
3463
573
9207
9466
3656
4408
4321
2220
3992
3830
9108
6015
971
9893
2771
8146
6191
5830
9736
9633
9847
3361
7240
2260
5593
954
9275
7447
8323
2035
2698
5447
5732
6024
3129
6395
7023
2580
8743
2645
5665
6919
9843
6793
8645
4433
8134
4276
9926
236
7085
1467
1379
3177
6476
2656
3249
7669
8258
8933
4577
5350
4716
122
8808
3542
5371
5031
9849
6068
1212
612
1915
5143
7506
6470
9375
3343
754
1601
9744
2260
8415
9883
1627
7983
4697
2401
5885
7578
1671
7220
2478
7385
5215
8857
3895
1909
2797
7226
421
1800
7565
4108
2799
1256
5066
1232
2292
6481
5062
8313
4860
8109
575
9504
3291
5203
7368
8247
1837
3074
9837
2019
4596
9504
4288
655
5925
4017
9447
1996
1297
9392
4134
5115
9284
5448
3401
435
4553
4846
4151
9879
5810
66
5059
6441
911
9874
5838
1158
701
474
9950
4393
4462
7648
9189
7293
7095
5379
9392
5928
8285
5735
2011
5439
2663
4569
681
7506
5621
3717
117
5286
455
5500
8863
2512
4961
7713
2942
9847
1937
8601
6330
485
1835
3562
568
8276
3835
2192
5908
3205
9067
6395
5914
7291
8196
907
6347
4752
8028
6674
6579
2830
2413
593
1086
1640
610
2714
5873
6955
2572
7069
2314
3019
2391
2701
9106
9892
8835
7002
5413
3582
8534
7764
3213
3165
7196
6655
3220
8220
3726
8310
205
2278
3274
9449
8445
8897
3590
