106
69
748
623
415
246
917
368
795
627
712
785
770
223
954
292
133
420
539
553
577
121
539
422
648
900
725
749
244
498
718
836
1000
47
39
844
684
161
927
863
30
663
641
854
586
638
400
53
781
57
985
770
725
516
452
709
304
283
920
218
211
837
213
65
671
208
821
804
920
544
563
435
599
56
61
130
847
332
87
534
818
203
57
85
479
458
328
224
859
642
735
811
97
675
281
366
944
577
199
494
538
288
567
903
822
34
695
601
385
134
431
929
135
593
978
923
569
338
88
126
738
18
966
172
442
443
244
5
159
353
501
191
854
733
857
237
809
867
256
358
16
882
800
245
770
591
769
891
544
180
752
474
393
258
55
298
1000
545
322
267
136
76
392
924
97
549
81
445
473
427
840
75
432
32
551
218
527
157
85
576
514
354
964
888
901
72
962
808
549
611
444
872
781
118
688
302
581
710
608
479
499
308
466
286
128
921
937
321
184
685
381
1000
851
840
564
777
692
838
538
333
826
148
25
374
409
910
78
519
882
107
358
73
847
801
37
503
231
389
43
127
962
309
920
240
56
172
811
952
518
328
432
168
532
958
539
19
194
34
818
721
810
329
253
227
191
923
113
784
298
378
460
611
735
116
833
48
53
12
170
209
863
232
651
247
268
263
57
101
176
749
903
398
872
755
697
334
118
529
281
560
617
414
893
267
204
583
137
28
951
397
915
841
265
887
813
304
469
489
553
540
300
614
459
989
20
821
508
52
729
358
728
903
970
688
379
501
711
227
698
434
665
772
273
185
551
41
146
516
28
602
383
971
597
284
842
94
431
766
744
118
398
135
805
254
534
52
23
564
73
238
318
760
779
628
730
187
468
25
978
902
955
41
887
401
1000
827
237
139
410
773
103
704
186
754
426
247
452
594
370
128
884
44
232
604
680
389
559
20
49
878
564
923
308
310
616
890
604
645
424
575
955
873
261
894
293
739
812
849
916
494
394
945
783
855
69
423
368
590
317
271
932
823
460
327
550
553
77
310
394
182
156
650
469
76
448
374
239
719
977
616
733
137
623
156
712
683
462
820
13
641
348
653
583
262
932
749
144
905
760
403
404
485
738
872
751
442
663
898
977
660
525
842
493
650
986
6
204
980
232
128
308
415
611
354
306
456
17
72
438
931
366
743
187
979
70
711
27
841
32
769
211
828
146
241
379
306
807
442
223
506
312
24
992
417
446
363
843
268
167
644
529
542
839
61
804
175
155
249
405
48
833
561
291
395
717
373
148
960
939
770
872
738
686
440
787
309
72
343
585
486
817
745
974
768
492
807
147
987
939
249
264
169
697
595
15
50
600
315
267
481
187
239
872
531
535
157
716
662
981
818
561
212
38
112
573
6
264
885
323
89
833
659
110
446
706
383
710
240
713
160
150
171
802
217
579
559
121
659
411
437
887
271
576
741
982
164
606
75
740
936
79
557
479
93
924
621
846
45
264
28
295
829
947
974
751
600
471
695
77
194
252
262
905
76
375
847
151
190
470
214
258
484
919
742
166
218
135
932
140
152
1
274
129
488
782
237
104
40
455
32
399
52
647
871
52
584
494
238
40
906
400
456
989
809
30
157
299
494
854
552
439
388
438
206
151
925
576
515
116
317
95
985
898
81
299
971
379
143
763
7
108
777
123
790
372
323
68
141
998
551
477
859
441
827
321
332
359
427
184
994
128
282
701
112
309
687
768
178
278
136
953
649
53
63
665
39
156
729
18
884
854
930
617
141
464
557
220
470
244
212
290
77
983
423
513
491
60
195
400
293
641
995
184
828
617
532
144
209
373
204
699
321
684
553
468
35
711
380
421
972
78
997
689
332
180
201
739
799
368
833
873
56
763
517
704
985
402
315
302
905
894
150
681
867
442
701
644
484
352
189
899
235
972
221
573
951
99
430
107
667
870
818
675
552
872
3
52
96
829
178
936
805
809
371
227
897
510
154
287
648
56
960
627
278
330
159
347
500
276
754
419
767
713
613
674
241
114
683
84
267
380
570
689
896
142
504
880
434
28
786
67
755
710
252
242
873
107
136
72
485
246
761
69
501
737
335
179
577
439
563
323
483
984
264
743
452
493
854
381
188
863
170
722
497
815
473
488
685
280
507
952
644
219
254
126
812
878
440
940
570
244
324
230
819
771
29
278
254
606
817
699
823
223
706
678
6
524
98
111
640
443
554
989
120
276
265
736
181
114
886
290
879
299
343
611
291
316
537
518
293
605
108
687
701
903
610
115
511
728
536
