
330
627
865
438
405
801
475
911
271
704
179
934
368
369
322
413
534
546
448
779
851
998
50
829
468
37
994
466
297
257
52
125
696
134
964
945
275
686
290
724
518
782
90
456
857
842
757
665
373
624
899
10
762
589
736
510
736
703
816
111
258
897
34
240
495
769
277
682
759
721
36
198
174
306
390
621
200
148
576
35
667
882
439
919
793
884
446
355
367
778
926
754
967
883
935
965
615
727
449
880
18
249
728
792
983
737
441
277
72
389
925
648
621
448
623
157
442
918
437
270
522
788
847
672
263
565
535
41
828
274
608
106
613
569
2
767
523
873
616
230
265
933
953
906
793
897
396
747
288
408
119
588
161
342
4
404
380
909
34
888
214
454
394
509
195
553
133
528
581
78
312
885
487
23
303
806
391
55
468
5
84
425
272
76
405
205
288
389
196
4
643
63
98
718
773
743
932
612
615
228
253
779
251
437
355
679
694
411
829
926
196
129
295
735
353
206
915
209
477
589
345
263
9
653
777
441
449
31
281
949
448
309
931
284
103
641
285
208
835
425
850
630
760
528
938
587
853
6
593
912
781
229
342
174
878
489
765
658
294
687
913
946
461
459
555
146
130
368
658
526
305
238
103
320
684
546
558
1
895
904
821
875
970
331
499
867
610
463
649
956
727
568
332
598
910
350
749
178
288
46
807
338
521
45
658
669
254
729
342
100
619
737
425
971
913
720
35
606
145
527
701
474
713
786
820
928
949
549
133
277
451
929
542
77
812
185
339
825
977
63
104
977
37
988
523
261
109
514
223
725
863
118
891
517
268
962
805
142
460
450
369
87
357
537
736
525
550
726
733
568
981
603
450
201
368
999
145
625
634
923
213
134
708
192
49
259
299
192
457
447
550
169
584
265
6
757
804
20
965
31
676
443
137
396
344
899
579
209
54
800
631
860
337
572
652
347
755
208
84
828
701
379
445
283
257
12
35
753
32
247
175
181
418
742
509
458
455
890
148
861
578
419
271
849
828
121
416
64
246
686
565
856
219
420
202
699
580
904
94
37
354
22
429
615
246
788
360
805
856
833
786
716
82
19
490
412
244
876
932
762
370
729
298
29
20
272
212
961
279
208
148
301
792
295
135
321
482
220
516
70
868
486
301
135
677
390
649
469
941
485
755
270
664
405
324
575
89
820
31
800
984
388
867
683
207
985
192
480
914
536
663
318
680
147
482
533
141
572
317
41
845
203
906
882
857
767
128
166
527
584
76
249
228
508
433
293
315
462
413
735
391
539
106
586
290
686
43
738
239
358
96
255
949
320
552
457
516
993
195
473
954
474
333
782
252
549
756
108
762
644
416
436
555
705
327
354
956
299
311
456
357
917
999
12
120
396
294
877
656
795
174
40
496
199
914
599
58
583
579
131
120
334
32
536
439
131
916
29
365
636
47
231
478
146
983
956
316
773
707
285
960
478
971
751
859
295
600
480
92
882
307
985
622
298
425
654
119
922
667
367
552
594
164
272
866
626
626
97
850
668
225
778
898
6
753
986
355
966
263
128
139
228
746
81
291
823
653
280
207
15
708
200
674
951
516
483
149
665
956
610
892
623
697
696
554
62
627
594
127
155
101
48
14
740
106
66
862
396
916
424
551
819
760
615
656
638
949
884
896
163
960
30
588
208
120
49
235
242
637
738
48
259
227
71
768
373
454
238
384
153
923
685
819
644
882
251
730
938
897
291
664
671
985
70
484
710
168
347
116
4
263
255
992
920
851
618
733
955
650
486
113
259
882
233
316
595
344
940
720
632
523
197
23
534
186
727
849
495
666
216
56
374
514
822
110
964
369
431
20
598
924
347
265
319
654
786
31
632
449
213
416
340
496
616
422
53
986
829
573
339
477
290
912
2
464
137
647
225
876
186
340
454
883
62
599
598
205
819
956
388
562
209
940
473
685
439
836
241
80
68
855
143
834
828
76
549
444
231
433
154
48
369
33
112
52
513
113
434
87
477
352
916
168
718
18
142
147
633
743
940
30
476
874
605
941
86
954
535
516
329
91
294
123
810
276
924
881
959
148
323
766
899
93
87
961
282
371
686
167
51
796
831
941
615
557
324
491
230
111
79
485
86
190
504
583
703
280
692
750
171
245
459
853
593
795
309
24
231
310
434
643
691
893
680
273
958
113
374
408
380
867
750
180
965
248
212
922
395
886
872
289
654
656
891
175
270
102
693
125
278
845
83
142
26
242
389
644
511
357
933
693
201
147
445
288
326
551
81
879
457
